764
738
248
706
535
446
484
301
8
899
999
942
59
166
84
522
267
751
79
568
869
434
148
819
412
493
975
968
15
124
24
955
712
347
523
873
159
355
671
709
367
72
73
571
849
382
599
932
169
427
47
892
83
894
617
611
903
297
963
329
873
336
185
480
269
952
471
513
166
671
440
49
77
720
40
594
228
281
13
858
401
442
281
958
548
659
892
735
304
639
35
731
477
338
123
304
694
666
849
234
689
383
457
74
640
327
496
982
10
5
244
617
850
909
97
878
697
361
5
47
816
838
110
480
703
861
491
733
346
165
340
131
721
477
728
989
188
492
232
309
710
321
801
780
448
481
511
446
661
590
302
995
961
239
962
356
423
861
932
671
109
900
69
87
451
880
453
63
734
206
529
921
805
415
45
326
495
310
184
5
706
959
586
221
93
99
374
683
347
560
903
402
487
463
954
548
173
389
266
488
789
752
11
433
47
891
534
906
837
465
202
633
172
50
872
975
284
758
181
952
401
15
971
653
460
715
147
528
190
485
7
557
312
130
322
837
210
986
103
55
639
561
188
768
600
109
365
676
903
445
638
576
249
531
459
706
